---Information for eis------
Leaves #:344
Total Features#:366
Constraints#:192
------------------------------
0.479508        0.015625        0.471950
0.478142        0.010417        0.464345
0.478142        0.005208        0.449297
0.449454        0.005208        0.465511
0.450820        0.005208        0.442335
0.439891        0.002604        0.441950
0.430328        0.000000        0.435069
0.420765        0.000000        0.430389
0.412568        0.005208        0.425674
0.420765        0.005208        0.413817
0.416667        0.000000        0.401101
0.419399        0.000000        0.388734
0.415301        0.000000        0.389787
0.412568        0.000000        0.382918
0.404372        0.000000        0.386785
0.407104        0.000000        0.378375
0.401639        0.000000        0.374798
0.409836        0.000000        0.363449
0.407104        0.000000        0.364008
0.404372        0.000000        0.363617
0.409836        0.000000        0.355863
0.405738        0.000000        0.358564
0.407104        0.000000        0.356533
0.404372        0.000000        0.357547
0.407104        0.000000        0.353093
0.407104        0.000000        0.351931
0.409836        0.000000        0.349145
0.409836        0.000000        0.348265
0.409836        0.000000        0.347989
0.415301        0.000000        0.342718
0.415301        0.000000        0.341974
0.415301        0.000000        0.341951
0.415301        0.000000        0.341696
0.412568        0.000000        0.344460
0.415301        0.000000        0.341563
0.415301        0.000000        0.341563
0.415301        0.000000        0.341563
0.415301        0.000000        0.341563
0.415301        0.000000        0.341563
0.415301        0.000000        0.341563
0.415301        0.000000        0.341563
0.415301        0.000000        0.341563
0.415301        0.000000        0.341563
0.415301        0.000000        0.341563
0.415301        0.000000        0.341563
0.415301        0.000000        0.341563
0.415301        0.000000        0.341563
0.415301        0.000000        0.341563
0.415301        0.000000        0.341563
0.415301        0.000000        0.341563
0.415301        0.000000        0.341563
