---Information for webportal------
Leaves #:28
Total Features#:43
Constraints#:6
------------------------------
0.418605        0.166666        0.451047
0.395349        0.000000        0.456154
0.372093        0.000000        0.430395
0.395349        0.000000        0.415031
0.372093        0.000000        0.401433
0.372093        0.000000        0.398098
0.372093        0.000000        0.398112
0.372093        0.000000        0.398112
0.372093        0.000000        0.398112
0.372093        0.000000        0.398112
0.372093        0.000000        0.398112
0.372093        0.000000        0.398112
0.372093        0.000000        0.398112
0.372093        0.000000        0.398112
0.372093        0.000000        0.398112
0.372093        0.000000        0.398112
0.372093        0.000000        0.398112
0.372093        0.000000        0.398112
0.372093        0.000000        0.398112
0.372093        0.000000        0.398112
0.372093        0.000000        0.398112
0.372093        0.000000        0.398112
0.372093        0.000000        0.398112
0.372093        0.000000        0.398112
0.372093        0.000000        0.398112
0.372093        0.000000        0.398112
0.372093        0.000000        0.398112
0.372093        0.000000        0.398112
0.372093        0.000000        0.398112
0.372093        0.000000        0.398112
